4294967278,537
4294967279,353
4294967278,536
4294967278,535
4294967279,352
4294967278,534
4294967279,351
4294967278,533
4294967279,350
4294967278,532
4294967279,349
4294967279,348
4294967278,531
4294967279,347
4294967279,346
4294967278,530
16,4
16,3
16,2
16,1
4294967279,345
4294967278,529
4294967279,344
4294967278,528
4294967279,343
4294967278,527
4294967278,526
4294967279,342
4294967279,341
4294967278,525
15,6
4294967278,524
4294967279,340
4294967278,523
4294967279,339
15,5
4294967278,522
4294967279,338
15,4
15,3
15,2
15,1
4294967279,337
4294967294,429
4294967279,336
14,5
14,4
14,3
14,2
14,1
4294967279,335
4294967278,521
4294967279,334
13,5
13,4
13,3
13,2
13,1
12,5
12,4
12,3
12,2
12,1
4294967278,520
4294967279,333
4294967279,332
4294967278,519
4294967278,518
4294967279,331
4294967278,517
4294967279,330
4294967278,516
4294967279,329
4294967278,515
4294967278,514
4294967279,328
4294967279,327
4294967278,513
4294967279,326
4294967279,325
4294967278,512
4294967278,319
4294967279,324
4294967278,318
4294967279,323
4294967278,317
4294967278,316
4294967279,322
4294967279,321
4294967278,315
4294967279,320
4294967279,319
4294967278,314
4294967278,313
4294967279,318
4294967278,312
4294967279,317
4294967279,316
11,6
4294967294,472
4294967279,315
4294967278,311
4294967278,310
11,5
11,4
11,3
11,2
11,1
4294967279,314
4294967278,309
4294967279,313
4294967279,312
10,5
10,4
10,3
10,2
10,1
4294967278,308
4294967279,311
4294967278,307
4294967278,306
9,5
9,4
9,3
9,2
9,1
4294967279,310
4294967278,305
4294967279,309
4294967279,308
8,5
8,4
8,3
8,2
8,1
4294967278,304
4294967279,307
4294967278,303
4294967279,306
4294967279,305
4294967278,302
4294967278,301
4294967279,304
4294967278,300
4294967278,299
4294967279,303
4294967279,302
4294967278,298
4294967279,301
4294967278,297
4294967279,300
4294967279,299
4294967278,296
4294967278,295
4294967279,298
4294967278,294
4294967278,293
4294967279,297
4294967278,292
7,4
7,3
7,2
7,1
4294967279,296
4294967294,1419
4294967294,186
4294967278,291
4294967279,295
4294967279,294
6,6
4294967294,1418
4294967279,293
4294967278,290
4294967278,289
6,5
6,4
6,3
6,2
6,1
4294967279,292
4294967294,1417
4294967278,288
4294967279,291
4294967279,290
5,5
5,4
5,3
5,2
5,1
4294967279,289
4294967278,287
4294967279,288
4294967278,286
4,5
4294967278,285
4294967279,287
4294967278,284
4,4
4294967279,286
4,3
4,2
4,1
4294967279,285
4294967294,471
4294967294,1416
4294967294,1415
4294967294,83
4294967279,284
3,5
4294967279,283
3,4
3,3
3,2
3,1
2,4
4294967279,282
2,3
2,2
2,1
4294967279,277
4294967278,277
4294967293,131
4294967293,130
4294967293,129
4294967293,128
4294967293,127
4294967293,126
4294967293,125
4294967293,124
4294967293,123
4294967293,122
4294967293,121
4294967293,120
4294967293,119
4294967293,118
4294967293,117
4294967293,116
4294967293,115
4294967293,114
4294967293,113
4294967293,112
4294967293,111
4294967293,110
4294967293,109
4294967293,108
4294967293,107
4294967293,106
4294967293,105
4294967293,104
4294967293,103
4294967293,102
4294967293,101
4294967293,100
4294967293,99
4294967293,98
4294967293,97
4294967293,96
4294967293,95
4294967293,94
4294967293,93
4294967293,92
4294967293,91
4294967293,90
4294967293,89
4294967293,88
4294967293,87
4294967293,86
4294967293,85
4294967293,84
4294967293,83
4294967293,82
4294967293,81
4294967293,80
4294967293,79
4294967293,78
4294967293,77
4294967293,76
4294967293,75
4294967293,74
4294967293,73
4294967293,72
4294967293,71
4294967293,70
4294967293,69
4294967293,68
4294967293,67
4294967293,66
4294967293,65
4294967293,64
4294967293,63
4294967293,62
4294967293,61
4294967293,60
4294967293,59
4294967293,58
4294967293,57
4294967293,56
4294967293,55
4294967293,54
4294967293,53
4294967293,52
4294967293,51
4294967293,50
4294967293,49
4294967293,48
4294967293,47
4294967293,46
4294967293,45
4294967293,44
4294967293,43
